4148688
4605529
6828283
1880433
241404
1610125
6523535
931904
8100984
3613825
6921222
1565545
959432
4138969
7342890
2727559
1823461
6908003
5903062
3374660
1947730
1336660
6228540
3295793
8216411
3836398
3503870
5709737
7628885
4935625
8063710
4573478
4202629
6012150
7224618
6181941
6215641
4544820
6894252
5268071
6935243
3269516
1096894
7744593
7523901
8112073
4733906
1440048
6055832
4309361
5729851
6315315
6934635
8069745
5595619
2060867
3813488
1948861
2547797
4841551
7760796
5636823
7957876
1629090
3365268
5577164
4694836
6752876
1363860
8391888
3814766
7133781
7689911
322883
6821994
7575085
163942
2061195
5045956
7996683
4172728
6008351
4888104
4890062
4111488
8262090
2145993
2042438
3264418
2618540
459397
5965347
2730783
5543190
1003751
7746324
2707148
6504982
3356715
3702425
5759249
5420128
6976067
287394
1642677
3312997
6348536
2028292
3362392
3314757
328795
2553781
3665473
5223776
510516
237365
2136675
4241471
1939073
7831258
2210903
3947122
3824688
2914155
6330185
841529
1972636
2809975
8013949
1622644
6809264
6434806
3301649
2252907
8172650
2664892
218998
5888628
3975898
7029688
7530452
2368264
6740881
6477324
5945705
708707
181140
1024852
2519080
8239103
7894166
3787520
3327306
6506835
1620848
7924347
340885
6652137
5282162
6082316
2626430
5854226
2831783
1764190
1148766
6531974
4547172
4767892
618318
7053401
1824828
5993836
1067737
1331519
5949631
30876
7935259
2286458
5758664
4519535
8236145
684154
7658029
8122063
6189716
1607531
4559149
5214917
3954121
7252649
794924
4918730
4628088
8158246
1615528
6872535
3359675
2563376
1943034
2259495
6859142
2675540
2601015
2337690
6701685
2894703
366830
1145204
7887771
5575446
608079
2138846
7146362
3024230
5037534
8055097
6003648
525354
5330142
2647762
2479125
2805394
8234767
3820275
6648432
6580845
2389827
3554056
3399959
3093382
2723583
7737363
6606986
6628197
8310111
2599725
2166486
2590026
6570585
1698817
5919388
6294325
3958006
5854686
1982163
6478681
7093927
3349248
3157931
612491
1322739
7133796
2521414
5787942
6879982
3243443
573679
4951606
1005266
5573113
6065739
733433
1756483
1925146
7475932
699616
236299
4155734
5433729
6502254
3686364
6271165
5969743
4053043
6233416
1413833
5758742
7649156
5171659
3936093
5871548
445899
596786
2857363
4959203
7712445
7656202
6440930
1410620
931563
4518978
3538549
2941603
1359395
7626777
3034919
2311774
1333394
3613587
356338
1294725
2929405
3439822
5034863
1767842
2973370
248286
4255919
7436876
1378690
8327331
7016537
1201925
5762144
5939910
2272677
6359672
5104938
5100778
6728176
4638352
6632890
5206524
1399685
2379061
5051676
6226374
3640069
7061847
3910066
8400518
1030058
7101898
4106868
2765297
7517730
8367970
5208885
7508374
7342425
3326504
4217842
7224248
6934088
7449037
4770139
2548450
5695215
4323429
2133445
470481
2714004
174181
7283258
4086728
4435006
8368544
253513
2603654
1813219
2646253
8153682
8008709
5926888
5040714
2119158
2411573
6304295
6263809
7014916
521206
6646453
6739351
7813717
2247320
426941
5436353
2861364
5138777
5419279
6328724
1252431
362725
8348791
2376977
3632283
2884435
6715642
987892
1474726
4815633
5779699
6152432
614550
5668002
6178578
2072773
3895185
3428427
5934843
8246028
3048768
4679094
4236934
7872191
3312257
1776616
4538465
7045427
708542
1438761
6883244
2322338
1746882
3266317
1681067
5294752
698119
3027795
2896112
1252997
6184903
5113984
4502557
8092049
5143546
5547025
3836730
1978977
3617463
6168796
3233093
5070085
2283853
5458349
5771434
492163
7416978
21272
5277176
2229733
7833592
4536686
7279470
5950146
3843235
7590824
8206036
6761163
5534665
6785024
91119
3154244
3361704
8353349
8248117
7572172
8275954
3148843
4882668
247387
5307547
2546906
6149833
7618724
1303771
6881791
7476676
446067
2724002
5768719
4612377
5217026
5809424
1160321
8170541
5305690
1924331
4938261
5619074
3358658
4939313
5157898
6256290
3691766
1466654
6431515
54940
7292245
6749273
639016
7776298
6038383
3186973
8122881
3479220
5325982
5525412
5665187
8098103
8358592
2879336
2794990
5595433
5718785
1672574
5096890
4804415
7112138
1678595
459288
7853
4333661
5383343
4760485
4818906
1477967
5061583
1697517
2344084
5229966
5657053
5523791
1695844
7114659
1598957
553172
1352784
7103593
2615069
1331178
4867730
1482422
6588953
567374
5886723
2021971
2845799
6174969
7108676
6752856
7896007
38309
6532008
3307242
7875441
3907014
1051124
6491499
2827455
8153566
521587
6862288
3333741
3838198
727537
1874732
6031340
4500440
1491573
6895009
3640413
5698555
3111846
1992651
6400638
4798369
5784231
1412423
7846322
3726179
7742599
333237
1587896
2682592
8367345
22941
2981640
6261952
5542207
3059570
2289113
4097653
1334186
1740620
5230176
5705791
7995482
4363796
1005177
4600709
7807656
7236595
2513140
5480327
8152227
6271677
1748337
4847401
5351336
458788
8340442
7587056
3105721
8270317
71160
2657628
2297844
674957
1023002
5738313
1531673
869463
2779099
1061033
3060483
2001761
2476943
7615758
2620462
5086027
4276104
2007311
3098423
3883013
4593872
1949033
1476679
6952017
4012586
3121593
3311518
7869267
7485885
1349933
2674811
4517428
480195
5666086
7262950
2814254
5811436
3260938
1181470
6946793
5533860
2647888
1146533
5885104
6227959
5380800
151429
3621034
6295348
2181446
4563450
2044174
2989904
4299268
4894857
4629574
5690458
2703896
5235329
5616045
4584842
2885943
7484425
7817230
1523240
3651372
1096047
3724248
3688347
2683507
5522487
2214293
1435056
2710378
3059489
2687908
7151705
7159864
231135
824022
5369256
8370213
862725
1942579
8392267
6891351
6431236
3619480
7685538
1963998
3188829
4643925
5580951
4650209
4981338
7477562
1803872
5878484
4283270
7948839
4259349
5784950
3213314
4231042
183443
7948601
1252106
521975
6606117
7929140
3187633
2790685
1846472
7554992
8259444
801138
849192
3383535
4605947
3095508
152168
7666725
4554082
6753755
7575186
6645676
3669938
7616560
74079
5162639
304352
2492523
7455307
175220
3159322
5013512
4197599
2482370
2966190
6181531
6889979
4131268
8103185
5419829
881481
4949093
2045719
8187481
5226800
3790538
686221
4471838
2930547
8329673
4831955
5981919
2912367
2912635
5561800
2254232
4213366
375476
6974038
2878045
133619
2761035
1696657
61159
7596761
1234248
1534582
4583707
2854459
4299195
5367649
4250927
6877375
8043307
467229
4851758
2685303
7738154
59566
4851630
3686501
6661661
906837
8009969
3877446
1419377
4616214
6368723
5264454
4995441
1062981
7981259
3554816
4412899
5919330
3492917
2290107
7563834
6706634
5804648
4702125
4549403
7593702
4395868
7789807
6898429
6928553
7112123
3091580
441533
6922648
5572335
6325995
1276741
1617438
919002
3757295
4524645
1710677
552608
2656401
4346582
6802409
999376
5287978
88279
5629216
5471185
2711771
3794692
3784117
3482240
6278318
7521279
6384263
1396075
7603753
6578173
3217689
8357441
1436243
6701521
5940093
6588552
8399804
7281257
5853271
4392305
4382965
4172804
7753531
3424058
1287314
7739850
1739269
1749022
5203860
6169102
7171439
5117338
2879809
5980202
7312805
7292314
6737353
3737682
1071807
7646011
6314829
4346612
7305289
5250898
6985048
7092384
7845119
7644727
5305179
5845431
5727952
8096168
7433870
3920025
1723631
7867060
4641668
2558754
1240465
7033768
2475167
1897223
3236516
6856197
3376105
3567745
1151220
563800
1512204
5017991
532940
1407153
2998100
3033797
1328509
5704685
6006062
2999571
6709845
832791
7431493
3431530
5736505
7111659
4587629
4667722
991180
440953
4680958
2823507
6524821
3476459
1097727
553296
2797735
1168439
1385355
7001328
2642958
1566546
8181550
586607
5121581
3373497
2595614
2997707
2280532
3517683
5461562
4746515
1877557
2446966
5696045
6316367
3339762
187705
7282412
3240323
2898402
2064775
4818367
626752
7911621
111604
7324724
4571505
6870232
6132719
4935990
6830196
3333621
1435074
4666736
6448585
5040878
942541
2042725
1684356
2316686
2577615
8146214
7323017
7414479
5896669
3839246
6242045
4588034
3791184
5085243
927635
8342855
8275847
3969568
3510025
4690508
7231536
4270238
2497064
3619626
6978356
8121978
691470
4368276
5428613
7034463
6991071
6768384
5417731
4543397
8403045
7533682
4012298
1166926
6630941
4308738
7992331
5993357
6541582
6952278
3845237
6074376
2673574
387001
6172864
7318514
2781555
6162483
5528230
4766581
4508137
5403405
6086303
3204919
5588005
4663225
5938211
507055
1810683
7981573
1256168
7178173
6814307
2111069
3644644
6293647
2337023
5105059
5223981
3342494
6277868
6227813
1774269
2987854
3428268
4222845
5743882
2379389
887314
4382524
6964919
7267156
1065839
1708443
296483
1811020
1224414
7739019
6122981
1105773
7116654
1910461
3343513
714235
4700926
2915694
5035841
2697200
4644145
1362182
2261782
3143813
1324672
3546757
946352
468231
5574905
453235
7826149
6041005
1088760
3477515
6059332
5183359
5295079
5253862
6022541
3603015
4433389
2458409
3055055
8342058
1987196
6693885
2851190
2375192
3345029
6622234
1777797
2287193
8215469
306222
357039
7942478
7060474
6400827
5666872
6242864
7990212
8110179
1377575
1829572
6940876
6000556
4426664
2314415
6466705
1464378
2733648
3215802
5292698
3123166
4630009
1062731
5557343
3205038
5912874
6578578
5946609
3586054
981623
5460126
8276151
7042681
308607
4291248
4005895
2707780
7904838
1059493
5668333
6134213
300634
4119727
6060294
4531297
2572815
6485897
6780003
7587977
1317122
1075179
5171722
5768596
5636835
5326526
4679687
6066452
5360635
827710
6163653
2988811
7861970
1236373
832787
6679903
6513300
882911
944498
4069925
1765287
600116
1337752
6173130
1601548
6287483
1563819
5615913
1343764
4056019
7073113
3104223
3105521
4635562
5979423
6179263
1624355
2367662
7479549
6327090
2141739
6494525
8275050
4621823
2610638
6825668
1346576
3058605
5470829
4071969
1992045
7822692
6086129
1126174
6740665
6559747
2682424
7686481
2520142
5301550
3242224
2886317
3720153
687581
3765964
6716398
4091267
8345755
6943613
7525792
8375842
1813030
5960529
3699801
2900839
6979924
3153678
809377
2275056
3288091
4171301
6881021
4852372
6918093
6870170
1339216
800758
8378183
1870369
6495031
7869306
4432002
12203
1968247
3752018
5201175
6864720
5979388
5310293
6901897
1035422
7668491
8278185
1764315
8106039
6149012
8203330
5389812
1143350
7829612
6761671
1996021
1460881
8012302
6372329
5649212
2788911
6955857
5896332
7511033
7534397
3914444
2486520
5707861
2625229
5549289
956793
3698136
7100981
8307659
4857302
166540
5645684
5798400
2894673
4269012
8040039
4488970
3399745
5622285
7930595
7422440
551817
3106270
7916726
5572832
3524990
2144317
8352255
2404146
5075592
1230803
972110
680036
8015323
6101701
6668147
6752320
7903093
2661792
2497025
1420352
2085928
2980651
4530836
1165680
1716271
7696819
8025576
3646138
3966863
5268277
6851254
6405384
2365845
1240323
3165199
7198246
4648128
3646818
2303893
3518465
6066041
45316
2577600
2183258
2411090
4874272
8339174
3820347
609841
6087298
6460418
1092689
8001245
4257145
7076053
6636335
4301280
1065675
4353197
2173698
1242486
905937
8015089
4960404
3817196
1602393
4196042
8007584
7120528
1118619
7937841
5769230
4312362
8296619
4019596
8123115
8021936
7652784
8044180
3137818
2424454
1195881
6369755
8023493
3407859
572340
5592171
7783149
170878
2196375
2609292
2673891
4388927
4975056
7237187
3715248
7993971
3370410
6857716
3082924
7906017
86375
1201756
2610109
2170076
6655121
2352908
3413862
6462967
843083
4146387
2094471
3015445
7423587
7916006
3591860
5442077
7368961
7361638
7142196
3959253
1393986
5416255
2050878
3234959
212104
7048575
1574567
5228035
4481196
701569
4369201
309203
3328067
453791
4173237
5310885
5902256
6600905
7759663
1636757
4912640
3931251
3752110
3968541
4486811
2757523
2460157
1300767
7595493
891774
6018176
62124
5521017
8296504
1996017
4849571
4690220
6854971
1296132
169133
2053884
4499944
3191280
1651321
3317677
8089816
8206647
4142953
2826049
3994412
6380978
5049725
3183587
6000223
1095592
5046361
7023085
7031435
6201404
1709991
7489916
1700362
4312934
3367163
3004007
7308987
2558935
2704859
6977525
5716369
2941881
3869025
5332314
3725387
2264617
7596645
1586534
4764760
1025784
4372245
197863
7991836
3506134
229631
2724953
7715441
3777780
4450869
3435877
2831631
325498
5182136
5412672
2965929
2288380
4111872
1123363
6576950
6234637
5732829
7695118
4247894
4182697
3822726
2752675
7409806
6679042
6245449
214720
45918
2452092
6342285
6769235
2724660
8214623
2586270
1731156
7457788
543746
5879817
2436607
7098672
3954810
895311
6804025
1809917
810327
3443485
3610795
6687710
3760476
2810806
1450237
1530334
4593624
6685373
7682251
829927
5212929
4570579
6115648
585596
4209220
1310515
930991
1618290
1292616
3748579
6290927
1701189
6511898
1303624
6653839
5933791
1011376
7061796
6271996
8106282
3324661
2424207
7359871
815622
7308259
5246327
3620098
7793253
2487391
1186482
2635981
5974238
1382752
942597
2619022
6095572
2306423
6747996
5232135
7134736
2574927
6896536
4895724
3954268
7171521
6202917
4332634
3668598
7558791
4951923
4769599
3242026
5730401
6961267
4725641
1506099
698102
3573118
6652085
6958373
1630488
1674202
7087539
6443388
5409465
1727855
7709226
2834634
793756
6186014
664025
1999991
1964802
3973809
909582
5425054
2594200
131834
8077186
4500999
7321833
2099673
5786219
4896309
1263051
1821962
526761
3888178
3840967
4717816
6388851
5508059
3172082
3800451
3711394
5741240
6223732
2989656
6261570
7343798
4341156
1443496
3547957
1019274
4588006
6809753
8351400
7536153
6492965
6035577
4738519
3470168
3145288
2133100
7428076
4925119
4937922
4735835
8049529
1475940
4017232
152431
7970500
1903563
4104001
7884283
2372229
3620371
5381244
5652899
8336582
7375369
1539342
555216
6639144
6950362
5403553
7342289
6139296
3690517
2692944
5203197
3307804
1447032
6879597
8153842
5148839
2911407
7911659
7900489
6606445
3463155
7216883
1260732
1245518
1760624
1162329
5718487
1871496
3508588
3751803
3797109
5419171
4810944
6087083
1688512
2443609
7272485
6784148
2953901
5529607
7852812
1391054
3382720
7852329
7889082
964471
5988239
7600867
2111020
3737951
3668910
2745828
476948
2499865
6957243
3396297
7702548
8113154
488125
2459290
7530199
6868474
2058898
6691837
3819859
4078816
4763512
4738644
241985
5266112
2048548
3714512
7640640
4356022
7185680
2350341
5342782
5272040
6535032
7898682
7717849
4600747
7213222
7405961
96830
4100493
1051199
5304132
8250596
5280611
1238745
2535247
8360240
7582359
16385
8284072
6073931
1996711
3421473
2798004
696507
1565433
7307597
3396427
4022996
3429530
2144957
1458011
1554749
802954
5224333
680084
1480187
367956
6271078
1131119
4260420
4591159
6595266
990055
7224107
5407994
7641097
6079702
3871160
7569209
6716090
8398228
4168168
4500221
2897413
5522917
1698482
7468854
1431856
4229245
3847653
4933892
7923111
8039535
7028047
3674064
3940235
4028953
2900842
7568051
5277364
217501
5158307
5582303
4693725
37232
3232114
2316099
5064242
4846742
334071
4510648
7744704
2342757
603551
8122100
3875228
1082344
7710464
1569590
2046361
1302799
893596
2316003
2421831
2374031
1401352
975850
4875635
3016783
5125367
3469579
5259507
4097081
1650644
1569601
7739385
3437270
7408074
6495689
3324068
1363137
5828901
568323
6415183
3328267
6889905
8187796
1005771
6835279
6112140
3211960
2390290
2435210
5718876
1425193
3290145
1208873
5634814
1005905
4468213
5176182
7678011
2598111
179460
1007882
7622556
994229
2456603
6146347
69510
1714034
3057443
6739133
34427
1643859
1912885
2081746
425599
2689937
757317
3266279
3369285
6743009
3919377
6081093
4505504
3381003
6799947
2917883
5482495
4234566
4813355
1680691
982489
3374821
2847824
1362442
1542532
6872187
5058242
6902724
4923938
4534118
7709218
1733144
3530094
5820663
7452780
2289470
6595007
3578772
5435336
4501198
394926
5108894
7378830
5243255
5025299
389480
4550377
5745578
8223137
6390937
549141
4289214
2101489
4425080
3579220
3801647
5743911
4153162
8288663
685519
203619
896463
700222
7230386
6492518
6919345
3473624
4502976
4645101
6524051
1180331
514744
2941632
5465328
310771
5852560
4228440
425409
3906594
1487478
668424
6983665
563173
1108510
5578524
4179345
1866774
6576613
3320562
3239776
8099693
4299551
6198148
3690768
8102460
126624
1909323
4828760
1100269
3024279
2750399
2485618
2236005
1306676
7650409
6931607
8338224
417879
5552527
7417366
982113
7206734
887947
3381247
136436
405705
3963693
2041507
3817227
134490
917420
2987266
4099559
5372769
7895269
944457
2936843
2479435
2498035
6056836
3722503
4269505
2798016
4835311
7428649
6815880
4075696
6967986
5878773
1691995
5085182
5495299
599449
4984702
1904274
6730224
1657457
7762526
6498169
7208717
6450068
7322286
6682247
6986128
654323
5210523
576827
6931014
7314046
6834240
6598235
4152662
6247860
5737725
860965
7843116
4238583
2793243
4309411
4164903
1323173
3824236
2939439
5829886
7104871
2143337
5925057
733145
3778903
7268978
6412081
4597138
6966324
1451563
822474
341972
924126
6508823
1940073
1833580
6551888
2685789
5066456
3068385
7162366
2143307
5436314
7316575
3340902
4573594
834735
5898778
4646029
2416644
3797758
6306026
1535731
65613
3363455
7612891
4531644
837678
3136889
7541637
6745240
5966165
1782626
4382777
4050383
6454942
5634644
3437271
6803959
2085806
2373739
740544
1859935
1990279
6900070
5996273
5948305
4831004
3073877
6990187
7749961
7298963
7949361
1997857
6092141
860631
6830228
2855849
2396760
2549226
1548776
6501813
3808093
4580261
6212479
6824702
2296241
2557143
2889708
2116288
1209987
3811696
6795516
4855306
2796671
6914186
1581425
4302385
7146077
4583912
2752713
4274464
7182809
2813
2073058
5806944
3971987
5257536
273158
4131007
8208279
7877292
3610623
2598008
1833058
8315903
1098124
449148
1863463
6443978
2406290
3080980
357034
5359033
7132960
3091412
6329030
6128569
7675927
3891847
4796679
6460741
6573436
1307255
7599195
4739492
1959472
6753401
3487495
7438888
2924394
3829564
7810515
5472988
1732086
3580021
5907010
2871594
2810355
8365267
1112667
7787160
424810
736152
5822948
6900835
4240281
2064248
8152499
772388
1004053
1594315
544478
3282118
6835232
4803838
463895
1652118
3156138
2319878
7213373
978574
142806
5518548
4234624
3883375
1677105
6381265
5567921
6286842
3095322
4565551
4512388
5321756
2485823
7597750
8261390
4879756
5393801
2946615
5395178
4942580
7242964
1895386
6037317
2028332
2073743
797958
7336113
2489147
6969826
3450024
3799586
3713171
2398103
5296852
3968793
2386254
860626
6335264
6514453
5096059
7318035
3451889
4639044
7577115
6348401
1235298
6119481
3743337
6843489
3442235
1250558
1370538
535046
2042909
6792436
6903813
1924918
1585066
2517199
6247623
3928243
4780302
4643876
7174680
7851946
545442
2878000
6628162
1084188
7323233
3618719
6254221
3301234
5007836
1731909
6126132
7307080
16193
5940010
8168802
5810180
6413851
7024549
923433
6343357
5062178
6403160
961151
4994084
5888553
1413504
3017473
3134647
1150007
2838848
8196101
2661604
5335427
4671990
3433478
8329856
7583649
6462522
7117707
6636458
874287
4332673
7910142
6360273
7191226
1135557
2280105
3696942
172198
3795008
3038657
306656
1454713
257688
4656938
1268387
5846400
2813847
4676406
4979577
2375496
6711208
7142450
8157666
4629
5476862
3856098
7394210
1180871
1301065
8312025
1753934
8001465
2174651
7651499
4527420
3075666
7247252
4181599
7550156
386576
6648939
6741280
3667050
7367328
7526542
3845429
1525101
2547591
77338
3245930
1410925
3121610
7664918
1336132
8123266
1811861
4470201
5467067
8257715
1958196
2899017
834746
4043608
5408196
6186847
7464978
3331829
3633079
2934319
2978998
1500467
996001
3151861
7848279
5129986
1854835
1595363
3361752
5407807
7102211
6603516
5572891
4238283
1225929
7698259
3275605
5219235
3020738
5211772
4677423
5592479
7863257
7218777
6914187
7753253
6758816
3893231
1591467
6384327
6470437
2101781
6115333
5981080
5002465
5582915
3553385
3166325
8128114
269637
8171809
8180791
4658087
3971891
7739982
8152347
4241575
1164049
429774
1976439
749540
7967908
4119441
4818807
727247
1730995
577907
8185302
8100709
1153029
533531
8252976
1896734
8237189
5069637
4114212
1281071
2697422
4334274
7663211
7299100
2350502
5950669
2749747
8231006
7745596
5947592
3545479
7923558
6025337
2908964
7866813
5104427
6144941
6793416
7447555
4394939
7252759
4478171
7302263
470526
1665590
737067
2091614
4606184
427011
5715387
7068100
7592668
5450216
5134553
3431229
7308048
391471
5454716
5179236
2432052
7964631
851406
5520838
5313035
8268700
4000938
7422363
703549
8091860
7668816
7569612
263453
3736344
4121825
3433448
1465573
1401566
7042216
1586091
2058442
8132634
4474152
7519670
4563178
585684
6979249
1176209
3440585
7941941
485256
1500103
7613516
4336653
1952297
937299
736052
1670971
5273262
2224801
138241
8297007
5944868
3671003
5107078
3933522
1395958
2979632
2041495
7368457
2328896
5886696
1385140
5259724
4673474
2017933
2580539
7346341
7011129
2528918
5924287
4588957
7996749
5747601
8131094
8181851
71859
1002424
96588
4262920
8157934
320401
5923034
6886433
6077845
6134366
6226274
5343777
6870488
8116938
2339757
1736512
5891029
2694081
4361363
8172640
4661052
5043651
4206617
6637515
4034098
4577074
5600918
993437
149214
2199714
8087919
3635050
6757779
5542240
3165857
1976436
2787777
2406940
6419443
250656
835987
989425
5311415
3083496
3168477
1485740
726468
4238935
4190293
2353524
8269266
6938957
702298
6793665
1271055
735729
6248321
4261243
3208044
3411195
6071788
5958082
1715164
197700
5309906
7238716
3784332
5121555
1743781
2455626
2313196
1630441
7038872
1906012
8003843
691284
5826217
2617753
6302913
3805228
3200772
1758074
3537961
5102223
2625415
4509106
7565471
3900991
5946980
4136512
2672925
3648029
7398218
8387143
5486805
4698797
6147787
2445705
950368
7167220
811502
1306218
4398225
1859066
8272233
5101365
657592
3978554
7602246
2302746
6129570
6926511
4726294
7168639
272414
2405846
178264
3443626
6904153
4764211
4637716
593373
562159
1557670
1274375
6511623
2538402
2535152
2338817
7366813
4683184
8152617
3025048
348148
5138896
7032876
4608865
7527158
4905130
1973448
320757
4989259
2806986
4678657
90170
2340999
3934021
3276232
5226894
721191
8270928
3750405
240942
3496217
2772949
1153998
6705103
8235018
6817051
2868677
7295273
7818871
8203777
6157891
1171026
2025331
1138595
4835755
3050557
1555608
4856373
7775024
3785377
7110695
1013799
797687
1925420
3902862
615733
7626278
839059
297317
1001705
3511911
3317716
1716971
1907855
946150
4299855
5604730
849108
5109170
8039345
8165538
6069038
2943855
1886723
7740536
4340466
5753801
914016
1659025
2011718
7101240
4478271
5630258
8093932
5054586
827707
4338601
1044428
3573744
4899650
3173666
2295321
7827999
5387791
4400628
1188305
5098745
7725636
8328501
759145
5966217
7414388
7770643
7568820
4753356
6529525
5511542
7367896
3190033
4203667
2079866
7953837
8364267
123502
3321212
5486252
5991074
604616
3671901
7024188
4792275
64953
579015
4239017
6988745
29285
3168198
5417486
5504892
2087094
5746851
7832493
3503756
2792637
3918742
7408201
4119877
1478163
6174486
3611224
5940133
450417
7222362
4712547
4635217
3820880
5356977
2930066
526301
7109131
4340665
7030761
7707175
570477
1974058
7025495
1397030
6538919
257730
7828707
2184492
5694177
1496475
2711674
6718174
677611
6024817
51130
7087382
5147006
3163094
4188639
4965218
8048193
4717151
7491177
1304897
4296746
3469487
792956
7825755
3009214
1845084
5392056
5732468
99813
8319052
8227708
6892560
691531
1305606
8389845
7004221
3864274
7237126
6225123
284420
3395556
7892083
4032883
7652644
3034539
4373642
5960373
892681
3415334
8139962
6546271
7776238
7759603
279553
3259063
6386247
6935817
6459526
6810348
6931302
6463906
7758818
1697377
5167249
1285355
4429375
8016208
7248202
6894505
5797345
1944356
4343165
5762020
5231289
5567496
4690215
8090976
4796366
2877474
3360674
4045455
1332630
2515487
7217697
5939122
3278903
1607603
1080910
1907020
3954572
2228503
6267017
1718760
7971310
5257339
804283
6186106
5328693
4184880
6040443
3858234
183167
5630682
469422
2198301
1399697
5132461
443874
5057285
4901589
2920997
1907259
2432447
1288099
4818558
5632663
1411636
7118576
1013662
3213834
254318
2042668
151857
7942121
4306748
581612
3620718
3301253
1264298
599008
7017504
1187009
6756555
1194649
1319112
6847932
2364469
6451222
4062637
5556492
7153870
1602285
6390422
7219725
7545535
4997526
6055277
7727329
1167539
6189840
4768920
4780611
2339897
8286815
2562887
109307
3696954
930313
5784085
264411
5297823
6413505
2259284
1210059
6046626
7507419
3962098
3838067
5871399
3006430
3755060
1978273
4559829
8390329
5632290
2122819
3796015
3392106
6660439
1260855
7389721
3318395
7366669
1910918
6259184
1294771
1696807
8182304
6917065
4666013
612678
2724430
1241910
2880381
7663648
8098745
1717198
7941359
1786288
3767446
7969540
975134
4379537
5309727
7644442
6321091
1092082
3004939
210992
3349997
4790129
6646493
3642844
1064261
6643988
6451880
5311802
1378132
1124370
2251238
1254029
6178261
2928996
7778730
1182123
4796954
2437504
4007262
3342585
7227827
3315248
1279856
1322854
299890
1114915
7955816
173444
4707980
5986654
7097128
6121481
3878041
871118
3398012
2414063
3342846
4397119
6639546
6342052
190671
1153363
729719
3048566
2636102
762141
4405347
5711188
6206793
2787376
7915856
7996200
6335556
290485
364009
6427852
4845381
4152236
3761869
5030064
7791794
2022644
1884233
6019433
5799359
8127613
1909743
2398919
4730181
6574533
6596448
2401026
6875597
7255301
2005659
2853730
1106822
3911277
4519763
2797595
6285388
4069757
6086984
7297608
1905482
5660733
5475986
5092107
2426036
6438103
8035186
7092245
5750564
3981480
5911675
3414849
657712
7828304
730327
3446060
4439450
119500
4005418
3393215
256074
7557942
2720669
4051898
5703488
5973351
1195825
3672361
3063390
2369920
6250823
775863
7624644
3754982
2637413
4080077
3127552
5719403
2513864
3109320
1650486
7390936
5422031
3914214
1582125
7602054
3224322
4027974
1292094
1183104
4411748
4038911
7799852
1769438
1044453
7712985
8372067
2688991
3063161
2157059
7387481
5201730
6737751
8365621
2471519
7578254
5920232
8149288
7818702
8375241
7730177
7387869
4005080
5887718
5311942
5526844
1319363
1142164
259104
4259857
6356469
4088207
7134220
7366949
1096201
6649878
1556237
7450697
2013145
667186
2519083
464914
7720421
2502197
8103900
2942190
590661
7386686
7261638
5350003
204264
5434165
3949427
1959683
1107197
3287695
8329093
4143572
3325740
8263344
7489017
6920694
7806162
7693643
6404554
8043926
1696971
8288466
2119748
995231
5782582
725363
5788868
3100821
4045846
1107506
4503195
6168287
6887560
1320330
561269
3467222
4876573
5437301
350974
6345729
1903869
6575825
1032070
31281
2989628
6074104
6074863
2887405
6461927
8130114
3729691
3052533
7275395
5759081
5239931
7267784
3742419
2723837
3694541
6892551
1758114
4503858
4016337
7007527
3038650
6786673
2952660
8050570
3071170
6347784
3289769
2804601
2001159
1202295
1940793
4457758
1720345
5395555
7230432
6401994
4638676
7272957
3506843
7625289
4970876
4169942
6170911
3798811
3464451
5391267
7152991
7540484
2724601
2307146
4211654
2168215
1949358
2832825
6159807
7475230
6593618
5691911
7761143
4690987
5264085
8065165
7334470
3852437
6585180
1300251
1416285
5976664
2036011
3608970
758986
6880824
5825831
1688022
8211768
4305376
785638
2870884
3868830
4956516
7296264
4919382
4846653
1012613
1107069
1357246
5637813
6956635
3742703
5942652
2411349
937207
3174384
3400963
3260154
7356579
6448626
5111934
5087523
4611888
1761669
6551776
4898229
400947
5859967
3633620
6517405
2478785
612407
1383295
7002663
6989775
4093864
2269010
5523274
285981
1887667
7841959
6242894
5147655
3461542
4412103
8348518
5368145
6947296
3157669
4474662
2041562
8281862
4602368
276417
502760
6781156
7582611
2538106
534216
6091651
7898705
7086362
871216
4682064
2471079
196727
6994918
6634615
4198979
8078617
1728379
3850522
556144
7795607
5407895
4655194
33394
5018457
8157355
2904491
4505610
2127049
6018824
7285537
6159079
651520
651780
3980576
6195786
1510989
4239697
1506721
2002051
831102
8180947
7359669
5912675
2543725
140356
1165050
2339434
6791610
7124591
1634137
6419402
5969254
7547577
281653
2686945
1273889
7274572
7175881
5969067
1874495
3104347
5757828
1113745
4045634
7455725
383217
8184576
7156028
4084007
7955889
5671685
6038104
4942747
1700547
4887882
6503858
2216550
4477514
7431269
7863029
2869063
2152305
5504562
3208588
536093
442879
6496664
7158803
6824048
3925677
1054940
7780322
3005321
5390025
5761764
5558335
553442
8044444
5058288
7094164
2140374
4484238
4644946
1006403
5893329
6925339
7928687
2639148
6281455
2267954
4085110
2194548
5759025
7600952
4515526
356584
2183803
5581118
2221170
7935379
8236748
5170503
4076232
4657472
569627
7442213
1005826
1035227
7722175
8324874
3409549
763880
5930133
508202
1994242
3985353
3772108
1578453
7353559
1474677
1475221
883279
7981790
3290334
357074
5794380
1212462
4904031
1655423
2333426
1973214
6368149
8287785
4492137
2211971
1028596
6879430
2126102
3667775
2603405
1336268
2973950
5574781
3072536
3130850
5786403
3514364
7567904
3853749
1958518
3343342
6147568
5269747
1562327
2693017
5397649
5853536
4032242
1675264
7758757
3239932
7633725
528701
1516837
7314568
6691954
296277
3506945
170704
3319695
1396536
794352
3544569
8247836
1532529
7661944
7407747
5061474
1349544
2695801
956308
7460432
2032656
6968325
2131097
2167353
2415396
304617
1956920
4715027
2085166
7433629
970555
5546208
2553349
351528
223103
8282372
6382765
166690
5413358
1469750
6380272
4274845
1141884
3642935
8201184
4830947
1792885
4768907
2541620
7474972
5307436
7112297
3211013
7044832
7853828
4070821
3250324
2010256
3288520
2686822
1885340
1568869
4883342
3467115
5954270
316757
4062963
6909043
8308048
7971666
7688149
3181198
6887227
7825726
2346051
5557429
4872000
993873
1589000
896269
4421073
357710
3792677
6021166
5529743
4968025
2854328
7564827
1466985
2190797
2969754
6807080
7146165
3358953
7276033
3754993
1038941
1677034
3674755
4999358
4695011
8358350
7710084
7329281
4483023
1235487
1533979
513094
7482532
1344906
5365550
4262221
6845370
339550
6467311
7047652
1654381
5674777
5343487
1083496
3902240
3460724
6164327
2904807
758777
1668222
5728753
2716085
6493980
3084164
549062
915082
8335773
1490605
6191555
6809192
7110564
215563
7603682
756005
2206191
6613455
3410859
997330
297525
7293440
3205010
6970089
6278531
7081254
2793798
6599161
7286425
6777423
6978147
31622
7239917
6825106
6097961
4335332
6277572
7216227
19015
3666344
325216
1201994
4359536
5949546
1417734
5734268
2556871
7300898
6574814
3458435
2908446
2470530
6801039
8234213
2424701
6106092
7688126
2875286
1105372
3165532
3118315
7318602
7963340
4740289
6252641
4458091
672481
2934382
7292574
5710650
1796425
5028827
74610
4636755
6118327
7289565
1744847
462565
7308727
3382812
5683166
8102234
1778446
6924325
6135284
3085026
4177539
4032640
3810231
4299572
7663827
6625166
4327894
1901555
8229893
2667748
3705752
5502471
737311
5585687
5136369
2354989
2962985
474911
2874144
1674396
6561858
8183050
5355118
2497980
2143395
8390088
6347712
5521659
5984998
5980646
202511
2382223
1758545
1144271
1389450
1223103
7641131
3251847
8012037
5712725
156665
7730617
5526004
3389115
7751639
1942121
2933547
769627
1388350
446365
6050275
7350662
5419747
5358998
7329237
298775
7291038
3364840
2821045
2279330
5778986
8289726
945389
7203814
84052
6930433
6522042
7766567
5766870
4597951
6854432
424684
5848795
2459649
3999334
1066291
8166776
5645005
2156346
2338537
1663461
945490
4589740
6672328
3052581
1547429
3211201
3111622
4592619
6565457
301225
7562560
1718319
8112329
3337590
866530
2049110
7294033
53364
5229227
7748408
2470676
6689243
6322044
6860374
2614030
2641606
7698422
598334
8174918
7819674
4289770
126201
495804
3262212
2938983
820643
5955035
7840869
3881913
7539979
214226
7627682
5490456
583288
1133556
3638019
6568791
2899865
240046
7557684
5668899
1942821
2167116
8336551
6594833
4747180
6635138
6533698
45923
5123915
8237115
4298563
4492943
2170114
6551062
5836987
609453
6750528
6920465
1794147
2088592
6751508
203121
8362929
6909698
1923971
4986729
1478745
5965323
1527900
2569790
3838764
6348365
6581602
4801024
3151276
7534388
6833168
5141273
5061184
1640441
4936523
8189791
5866265
632534
3353962
3263107
5362851
4234202
3094195
7654370
8206452
2554581
4846005
7643761
2157163
3797949
164453
2179910
7820803
5193242
3690810
185890
3153240
4347659
7965341
1546362
1854207
3382111
4399092
950183
8049574
2245539
3146996
3415181
1195116
252415
6394184
2012704
8134847
6670350
7983408
7493591
1309800
7528151
6949628
7022359
4015765
283839
1282091
7442967
7261210
7884837
1751313
5415067
5189036
3241900
8068015
5188804
260639
3036893
6342322
352632
7955147
1277332
1279071
325656
5489171
7887920
1714634
1019006
7299481
7471411
6387453
3430550
5409691
7590467
4494795
4557567
4290119
2360304
6206385
5494075
289083
5910760
7614079
5931059
5954741
6313316
7499615
1133353
326965
2507234
5199785
1813869
4361120
1502429
8092321
5033027
5189892
5830666
7993601
478831
5710895
2145709
3366730
7918623
424439
312860
5324209
2586945
6845309
620890
3106249
6820053
8111843
2106163
1396423
6159321
4583947
7506583
8401097
6328149
1361702
5902679
310922
2370
4129394
7592853
906159
2851415
166362
6350623
6268560
6704921
5622858
2163736
6770251
182895
835039
5403390
5398258
8345254
2238214
7217346
4824975
1281180
533558
3183557
1874121
8231591
6079198
1294705
6122021
286354
7066661
4429148
2219704
4939838
7061175
1822825
6191329
6197843
5488987
5914495
884705
6044978
6383176
6316705
5686884
244977
1643771
2800777
357819
6327547
6169962
4977551
5463969
432424
8188496
7399289
7788172
7916770
2250887
5276122
5267318
2212376
163167
8263149
3192663
598631
7876265
4630142
2900387
2123792
5308750
7907451
3285649
7794918
3669896
7254036
6769828
7752547
4914036
3653801
121213
7853109
2011690
6333029
7239878
3507302
4057964
5453617
7021653
5839678
7215309
5705647
1488536
1664363
7266774
5133364
4722757
2237755
6095912
2610368
3600402
7168574
4043784
2660688
6901299
3173058
164687
5882087
2587630
468348
1375301
6267606
4636743
2304725
1689849
3384239
3008293
634965
5258122
4822978
5157670
7202932
392647
6847806
4276463
5179023
8154217
7011999
1311084
3922159
8106523
5072820
7475983
7377205
3796461
5380649
4591066
6979384
6849356
8203247
474633
4953432
4501491
522777
6324289
592759
3940118
7631906
3501397
3108773
6586916
6387841
1486482
5959438
3449823
5563475
8379933
4016049
5809584
1634692
322608
5976702
1185383
2527406
3020036
5785011
5809698
5927743
5286900
5409366
5491077
7493287
6585722
938029
836960
4153169
2459933
2120242
570917
3264974
7935574
4230922
7750845
6653986
432491
4850042
3718835
3718445
3594134
8299395
5115565
8313801
6939782
7068304
5965715
7888448
2019897
4688230
6275679
7150502
4811780
1103747
8210333
6613288
121163
1189224
3970117
2204462
4093491
5483464
108336
6584154
5713578
8241211
4307504
1417534
794543
5461790
2928799
4250217
3052598
4202978
3771836
6044127
5406306
7601596
3566354
5851034
5914429
2191006
1014036
4989726
542551
7182306
2112420
8340489
243000
145369
4574052
8221898
3483549
3019045
4828288
1776622
1004985
1146524
887312
93712
4337382
1092970
2964777
1662332
5042088
5175565
6610648
5091250
4674961
3033562
5521656
2410409
5532272
2039053
4760587
4633743
8217120
4576796
7252433
3538163
161506
3562973
5196400
2536454
2331129
5562063
475364
188910
3349423
1216875
168539
3289656
5520419
7825618
7018151
6325816
2764191
638994
6910641
166936
8333381
8008178
2936445
4895900
5610759
1715868
7453930
7547017
7270242
2775674
5688233
3167511
5520303
6772778
8234299
6517689
2103251
5686076
795638
464346
1484071
2153494
7941968
5325714
3729083
8147012
2539139
6591947
3667408
7741625
2392920
5043875
7586812
1622002
1589747
27321
5101181
3707596
162343
7270913
1264547
5763539
4292375
4457425
7335094
1349652
4406409
4730370
1308826
7275515
5663467
5698240
7021479
5970007
4568236
2884841
5046190
6325813
3546603
5040451
696393
1131059
1947045
2158611
98961
8043830
4568343
726235
8235293
7731480
5012449
6791819
6075580
3890550
5481632
1992890
3254736
4665283
813816
622837
4319875
2424057
2895637
3997536
4688102
3292034
2935048
6508334
389964
4926901
5983704
6640242
7826815
5214181
7515798
6041115
2203831
7368874
688344
1906056
3160533
6731575
1511143
6892767
3729605
7345067
7726070
8290409
5156703
3500292
7520591
7467554
3128008
8049099
1281753
4082027
2486727
2740338
7124671
6423530
1179224
704841
5487395
7155021
35333
8067099
7280883
3737930
6621283
6586670
3394119
7179961
500130
1810877
6620326
2257920
1542155
2860540
3582274
6549069
94818
5591588
2398697
6053557
1727224
6907600
469708
6284796
174717
6100392
5293672
4784710
1069393
5197757
4829772
2342678
2960240
5271780
4911984
8252052
8228679
4852078
7515457
1403344
7971220
2598498
2721499
3167155
6430221
1204015
41203
3066243
5921632
4801129
2408641
6026285
1021257
3861395
5583429
8064983
5885853
1644834
7770180
2440863
390467
8305109
4275868
3998820
6829347
2865335
5325456
6696328
2149959
2238686
785189
2111718
5787633
7617180
2034594
4715011
5852761
4115164
7008748
4533760
5766286
153241
5863545
4656288
907216
3731680
5363819
2306945
7169564
7823320
4482893
6916482
7331623
1448715
412952
4914789
7568421
3679715
685305
6108401
7529693
1894922
2877597
6576401
4442016
3848735
5420779
6313844
1554647
6320550
2113999
6403125
234885
3621243
3809897
8038458
1028247
7761798
2223017
8287966
6158723
6382988
7847383
1350194
4446759
4129508
3447558
5241162
6253060
1078921
7905084
5850469
7782809
2317957
6900513
827235
258361
3855364
8204042
5869212
6325521
8391517
6139375
6726227
948938
4867693
5621072
3718147
6912881
1369002
5048157
5226270
1448246
7399009
3463483
6234123
302349
6753107
5805490
951296
2655059
8106821
4594900
4943334
5812277
6133939
8223762
4914628
5460936
5222244
5699668
7056967
4178990
4618711
8270942
2957847
1917057
8104847
7786575
7590121
3464111
888610
6197202
2249745
4885129
2852129
814513
3838915
4847517
3221141
57229
3593476
606684
5285306
7099657
1923769
1318475
5689556
2870363
8015291
3012395
215667
1844792
1154997
608843
714072
5145425
3392281
7758149
3645027
3901814
768796
7119277
6945505
5932334
1457468
4804840
654416
1288897
3470103
7201011
7822330
6732977
392308
5525908
1361104
5031433
420703
5482957
6725674
714810
8402050
5081289
2417692
3812251
3363191
5532737
3526185
5172748
3367918
2637125
2310011
7308257
1091229
956195
1695563
7107151
7795212
6892721
4541818
4500878
7785425
5797464
5675721
4023162
2206272
7586824
7299678
1385046
5036328
334594
2020866
931120
1517555
3943381
7983323
2620914
2485617
2410744
7740141
2308106
406454
2435340
6989581
2469594
6898027
5869580
5617231
6880835
5855729
3636274
376903
2973380
4297403
4496730
4878188
386287
5277792
4971028
6575615
2069822
360524
994458
1869779
1610531
5999139
7017380
7173645
5931917
2838917
2107288
7663536
6154705
4818791
7290065
1400940
2052030
1015330
6204866
1747022
2961917
3721115
3654102
5912248
8097264
6530088
7173231
2917820
1210157
955215
2719405
1062034
8145795
2740842
2432270
2320897
5974130
6494153
2580975
6134734
680308
7932541
893668
5262695
957653
7949927
234459
4499366
5746161
3966497
7839157
1915360
2438759
7019660
606787
371200
7300561
6185896
1412214
2559462
4334840
7547829
2515697
3054196
2157214
3609674
1587844
966464
1884498
3670587
8100872
1092405
2450508
1101372
360297
5764920
2385132
6398303
4484851
3787513
7029816
5477572
1612066
7851391
2907973
5907434
4340162
6007373
7767441
5629064
7522638
2291999
7148984
4793185
2252219
4059497
407145
8207777
49859
3724737
6593217
4123969
2223550
4509497
7054507
3737302
7757788
2534237
2577334
6312440
5468855
1519578
385726
7126154
3793638
8157401
5238541
675507
7572175
3081408
7835596
2342631
4458890
318333
3352254
1415575
7621443
3988276
4478061
6353870
6981387
4384319
8267525
6211426
7329120
2954146
5702064
7134412
1328475
5631903
936999
2394563
7245736
5128437
7179562
2166480
2275334
3427774
4322759
1596630
3114395
1619859
7969710
318634
1364842
7104069
689327
2491950
97314
8212902
5678691
7491251
541852
7936099
5199210
357327
4228823
4743740
7738111
4038284
6341216
2755653
8198862
1719735
7652115
6014256
2259095
8021384
5720259
4631617
1072953
4288435
782098
4652435
8166638
5716283
1367710
5827149
5020038
1539970
594270
8153473
6723228
2422573
8145625
6441686
1268671
7768163
5804305
2525963
8254210
6726821
7571101
3861115
5258957
3038911
1020361
6723587
4053289
1575203
3197840
7880153
5688173
7189934
2630159
7238856
2224020
1872768
494302
7148546
3630860
1800780
4084195
2756412
2592262
3326446
1963096
6415219
7024523
3459536
1541612
7190451
6027763
7330324
4408385
4919029
5490358
478147
5875952
6229080
4984345
6394103
5587528
6856532
3611523
2110947
639474
3479886
1356945
6046852
4887858
5741571
5368246
7461758
1101427
4940604
1574486
5668311
5412792
3923314
7754134
3322823
6725116
3396787
1507850
7355798
3350580
1287249
5348586
790609
89364
3505278
2180961
979114
2857453
2310390
4124733
4139846
7987250
7250918
7867906
1748875
2097472
6128476
3280445
1293683
8297261
1335034
5173658
1751062
8160602
3658885
2271646
6457298
4146186
4005425
8387874
4578455
3138436
7771287
7298941
5619637
2671965
4996903
2221499
7100832
5163439
2738578
4431627
6956995
285838
1298887
8359071
2692424
1488167
462946
2363177
6545042
4388013
3494321
7167978
2337381
5989091
7584902
4169952
7286264
7380391
3140628
1203516
5985878
6282304
6440897
5761410
7733197
1442959
3473300
5211819
5508731
1039985
4671004
3410800
5018690
4416528
3172340
7515003
4038250
4060660
826738
8178002
5087475
3922757
1901984
1673644
1420419
2725290
1050001
1214771
4317957
562408
8351661
1051318
1294709
2908589
196641
7629370
6158627
7897078
799813
3357058
1468947
5844419
7123960
3517099
158430
5700116
1399600
4157576
5891179
8196797
3632052
1868855
3194219
5342222
1598094
614036
1612868
8199459
5658031
7101512
7067884
426676
2476095
7185798
1405507
615852
6067681
7635825
4990791
3638458
5577708
2631630
4013333
5551354
7872468
3058650
5237824
480823
5148471
4355013
5754798
2673513
4724739
6509583
350588
1568873
2033203
2812088
5442965
8107997
1002582
4217801
5362401
2396491
2360289
6536717
8179195
4203610
2245151
6134454
7947901
966231
1656657
3657920
586765
8065123
8098020
4931023
5990317
6535410
8180510
7010876
3756232
8357368
5458933
334107
3297303
2553687
2441377
8007688
7988729
2177403
5328388
4423554
3591310
1225584
7196836
3421594
4829668
1092293
2629183
2961432
697069
3974478
5039493
5726000
1875163
6722884
3359288
7123596
1656715
7412281
7076263
4751356
285239
8200156
4969825
4663334
4905472
6033402
8217840
6145498
319490
2733340
675043
2736060
4155258
5576886
7053457
5727842
8279133
4597360
2119481
7659153
3558871
1357792
3774068
8060450
7400096
4660297
4038988
3855640
2226934
7639119
5557561
1852892
1716558
4595445
563020
5817467
3104766
7920183
3055098
1833443
815152
1886021
971211
1399162
5073934
7273595
2021156
3774250
2751571
1904863
7004868
7258572
5519674
7010605
4685229
2923699
542717
6626785
1540110
366317
4397940
5796640
4384166
5119144
2331336
6201600
4516435
3122438
5830602
6581241
5645836
4090350
2348121
7606391
8013721
7977756
7021533
6323981
978652
2116725
6686205
3347379
7416662
3341541
2776666
6917061
3407514
7848685
8082995
2505793
6560976
6343163
4026926
2385303
1756413
5224034
924364
6770071
4459473
5055302
1967110
2841176
6307054
5875077
7215604
3865314
4716042
793162
6841993
345090
7279557
5904461
3952039
7354956
5138611
32264
1975268
3155078
3953064
7115691
2391760
5899112
2134065
2825606
3215971
6711519
3913180
7429350
895546
7926137
2730998
5627185
7811557
4275904
2185545
5958948
2108955
6610438
2650539
4753350
1045769
6852858
5182292
2956099
2470565
4321611
1894527
8076637
5293736
6476002
6741291
4317023
6573867
5408778
4644942
1493273
6523307
2730710
5651765
1187228
5907414
1273852
5773467
4243423
2288544
3627791
7346086
6598057
8267611
4107824
7342921
4372387
2180840
3034632
3852804
7286822
4565727
2923860
132909
4105449
1279533
1906517
4691288
3473351
1299986
2046266
4403274
740498
3810254
1416633
463166
1600730
902267
1150641
4782197
4241126
5611608
3511732
6784130
400736
2878609
1724843
500144
6849802
5358536
8348346
3230058
3827182
5976299
4803434
3956690
4134553
1779436
6995924
1709080
7843769
3735314
2540533
2068246
1158682
2178710
8143582
1278655
4479381
6927402
3998142
671008
2771425
4786702
2371006
7087411
1092387
5792270
3083500
6707873
3347115
4312884
2076424
2786174
6312025
6517842
6891622
5540212
7586036
5731873
6728745
588981
2713662
3224794
6756521
7941381
7192281
6540581
7316003
8319043
4499741
397221
830694
6279299
4888819
4936088
8165964
6066311
1639576
1143890
2058846
7432213
5857171
2479648
6473552
3697424
3581097
3252006
6557529
1745042
638727
931741
3074904
5672779
1541540
3703221
1775941
5138136
7582673
7145266
1136269
2295800
4592400
6053592
2089945
1860580
5653409
5656306
4401283
3967139
5977515
4423109
2066942
4384504
2484067
6324471
2117095
1822721
2018204
3987931
2103341
6979955
8286624
357052
6128426
3980141
3081472
792925
4472542
1132011
4877597
4371989
5722338
6655634
2534750
3439232
2551440
4702217
8319346
1244726
6022967
3854420
264012
3260691
7785980
3387459
6438645
588166
702447
5734147
7113709
248092
5876113
3843066
3122338
4564775
8247602
3179433
3534994
6986788
3377116
7767386
2332538
4754238
7873607
313169
289804
3380832
6417931
7655260
1417615
7640624
4703440
5016346
7079316
4577876
5414095
616455
2882759
6380102
7422620
3194260
8332868
5744221
4281790
7068109
6654299
4707649
5540873
347874
4839625
511197
2351147
3654564
511314
7370137
4330635
4999854
4753936
7199909
2796486
6797194
2321860
3745692
2622495
4556301
1601639
2914125
3741646
878499
5376400
5547075
6862344
7051934
2254209
6880758
2049089
1481055
7373641
3198712
2293925
876129
7364907
1295301
4238010
8171485
3257154
3353752
2843898
131929
6293304
5246564
4781349
1873523
8018057
3676099
7886288
1451116
1070669
6337861
2652998
3742261
6775011
5747012
6966071
3840020
230828
4303442
1481228
4104330
1251294
452045
3257059
702952
1721266
3010452
3288519
6613322
5277482
6997000
3389930
377072
3022239
2938961
3122510
5321888
4348639
3734177
8251598
8054291
5714682
6910910
1864208
2718304
556521
2724851
2446799
7005378
1044576
3761099
1855173
7255331
971460
7471637
1928036
2398175
6357792
4163406
7891661
7187110
3294923
3881207
737645
1325348
2708208
1659829
3725827
7293072
396330
1220405
5693036
4463283
6783307
2824899
4616895
8207445
8111588
930404
1932418
4536965
8243453
3580913
4377267
7139942
7175838
6451923
1036466
863761
6928636
5190014
7271366
1554548
1923173
1393540
5461247
7478182
7631707
6143915
2145584
932706
7602394
3160438
4970584
628428
5715689
6984148
6264571
7364428
3533311
2625005
7376230
604146
1761249
3687862
5115618
654578
8113928
5796889
6311425
7376920
3448015
1344768
4971527
6200094
6109360
2132465
7202401
960012
935579
7544806
3760761
6663478
5350974
4947905
2508780
4461357
1489420
6145477
3250354
6804359
8244861
5211258
331272
2043686
5958112
6658188
2864941
5736281
6490711
1614695
4607192
1253657
5875168
5753019
4648841
7057882
6551215
7600395
1963676
651968
5244221
1692792
3822309
4782360
3384679
3564467
4312320
3426521
6159048
6185697
2653995
8375952
4283359
1739502
5424333
7594120
6270557
7601826
3338143
6466281
3308670
7704567
7145222
46955
6181454
5992430
6456187
3548255
4152765
6502997
116442
8155395
5850799
6013594
3171728
1098793
7849521
4491132
1265324
8099277
473620
6017485
7554693
6995054
1222817
6190125
1322014
6748192
7769511
232352
4543388
5702729
5834050
2767180
1387344
6930064
939769
8248646
7609118
4280201
4137305
3227966
303709
8244287
5700261
8309549
3775381
3576930
4471884
949037
3243594
1426592
1758477
2945485
4332736
2671733
4128026
6608996
3940428
7267038
5086610
90228
1432681
441178
1058313
443460
7572545
4279082
8243621
5404879
3266474
6742586
7568930
4496302
4116173
7271297
1017400
4606495
543479
4156568
837007
2191446
7365023
6887242
5667201
326717
5620623
1093406
3421146
2561385
3517212
5978901
4578056
6815697
6934526
696753
1831074
2323188
3062369
1472914
2478161
7760292
5851211
5667517
218644
7826173
8251718
4010578
3173053
1453143
1357
7417457
5938670
4816454
795559
3506055
4523867
5068112
2470568
4869791
4638014
5907552
2090335
2790929
3709360
3952803
5531393
561548
2148522
75477
7767016
5923910
2486203
6804382
8229294
138478
6217657
3440930
1178348
162087
6754267
6994244
5549728
6774036
4226213
1559448
2543158
6214526
3035483
5128208
4573896
2625674
6936255
1737526
1137425
6554099
2340027
6161270
1381698
608699
5183824
1293687
6886973
3840557
3092894
7126182
4260623
2900460
7183452
5616901
6456599
5204150
1543400
4293360
1435163
4168579
2610913
214932
2640049
7902652
2342705
3615611
2514205
1196677
3953798
5128845
8050372
8063031
6071103
1797570
7311452
7094579
7515841
8071620
6254676
8045140
6528975
773619
3560313
6616528
4966151
3319857
4126823
786103
4462659
2793568
2279178
1947634
5023122
4724071
364584
7355878
6838986
6498129
2029392
6469770
6429025
7203154
1780831
4684820
3554592
3397197
3131864
6555940
6202306
1608112
972358
3198326
3331070
8027680
3749321
3607731
5287906
2565669
1677381
5330263
486729
6496374
1474244
341597
8393443
3838047
3509316
4262274
8227765
2131547
337494
2789077
1488137
3299942
2119864
7913766
2729546
6493258
3132083
3956318
5766814
6450729
870440
8245069
742018
6216294
4985411
6459050
5570578
3275100
1525566
6597571
6657491
7011577
6040090
7102115
4600502
1954979
6886994
2226123
2344642
2274455
1315901
5603890
3578851
6293412
778489
1013042
6828258
4829484
7282817
7099639
4482917
7755331
6563312
6500489
6290514
537810
7050878
753685
6297254
2063492
3594394
7305003
4010497
6126993
5602764
8269717
4409356
7905783
7159938
767012
4366203
3431601
6092674
3194910
8031611
1940111
1218641
3185250
4234463
3037945
5129372
3877033
5807495
2157532
4493307
2548967
5187602
8137563
248395
2746641
4861861
4814380
1301485
8129660
3178170
3491997
1497528
6693658
6576743
5609034
1829431
2594119
434240
1860526
7050857
757439
1785978
2675391
4462832
7812693
6899249
4136114
3367270
6153169
5571800
1346737
2568950
3461617
7876396
3842762
276286
3419896
1703250
5063573
4686737
3870510
8251923
3999703
7378738
103272
7381028
7633128
4034435
4906825
7140086
96390
6214727
1519796
4808447
1625720
65954
1858006
3713433
5430488
1648329
5886846
7690205
1510580
5333952
4970872
5563385
7008211
3588594
530103
5707001
5622659
2325345
2505252
781309
7544462
8317198
8184883
4619600
5783088
243594
337261
821494
2292157
5862393
6743722
7232303
955020
4401804
2342789
1048987
3336670
5984358
7884526
1566807
5180095
6962587
7566206
7980110
7587894
6501398
2010655
5146988
3354607
2995191
7454722
3507548
6833642
7087746
4853007
5729446
7671131
3604172
3092968
5290757
740707
3314237
6871612
7300776
2599766
980666
5023904
4709356
4482573
6202187
8265138
4413741
3475966
2170555
7640652
4645442
7720330
8253466
6851661
4411011
2698792
7627000
1607800
4884699
2904262
2118701
5957403
445520
5345031
7133177
1783741
2349337
4344772
6163253
6215617
5805965
2333705
412405
1605393
3121329
6169529
2250412
6816764
4935393
6588210
2913199
7713368
7834231
6563244
67737
4428153
5440089
7807924
6125152
3405869
1953282
1341616
5571796
2348909
1850317
2939029
4121752
1793751
6898422
5220909
4881326
1827512
2517718
147538
6448434
2741825
7884201
6884713
2754677
4751635
8271398
4505507
775504
5175549
3208759
7968377
8146344
3266735
2092260
1170031
3705329
4447020
3182082
5968693
2831434
3260161
2640658
4977495
6500944
901129
618974
2863135
3714493
1482286
3516565
8238708
1806454
7239648
2422470
1605859
3948761
4844357
2923434
5452287
578968
6585450
2639315
8042102
7642805
3466426
3681277
1174114
4129423
4954202
537341
287954
3289916
1414700
3611656
7780592
5511913
347387
3595614
6367489
737966
382927
3866863
6261018
2029239
4288513
7585215
5578824
7770023
8244143
7776619
2299204
114384
146242
7747793
2836333
766179
587824
5902298
7130137
2492353
4811295
290807
6560199
850396
1394269
5799206
6438385
4953285
2951846
586603
4110870
7593568
4261326
5265740
8035605
780287
1891198
7825055
584205
7956966
1068842
6018909
7973285
5568236
698192
2956615
1086839
799596
1709336
4339917
7712465
2416354
2714763
7886960
4703407
4864213
3197005
393496
4760382
3844777
4133402
7488434
6349670
2853696
686689
7260514
6931114
7215730
8386169
5368923
3221666
4231669
840202
2657390
898635
3452970
545203
5832420
7579719
1438468
6091192
5934411
4049370
969804
4416041
1744297
1942733
4887700
4234290
5110603
244688
4016969
1318428
5533404
3893851
7363623
1700096
7927912
3232451
3985428
7920408
1793805
5556592
3554894
194055
31615
1644981
174938
1952224
7939267
1835970
1178908
547088
6333942
1302542
1745120
3544736
7995088
1353891
8032494
244666
1281247
167056
5434439
6167276
974867
2608427
5631248
1699361
6378324
2059271
7774757
6510976
7911010
6364302
4342275
6276797
7830248
6439674
5821241
2361414
5899141
5191205
3887097
3397394
4149894
6343122
5092564
297132
2738945
4633241
8162513
487317
6229220
6505039
8147431
3053508
7088331
5370005
5593817
1230057
3277401
837572
1184377
3711466
7679473
7829561
6136789
6474540
2210700
7239058
268135
5263064
72622
4483896
4871798
7212714
4767861
4273790
6842149
5514309
1135080
1105717
7836705
3798467
295416
7932164
4651339
6049527
4450007
195072
4031072
444882
3110240
2905944
2084994
6615305
2275788
7612040
7065467
7794393
1640537
4243724
174886
130387
8064342
2876467
3394902
8396422
8334581
2400078
8087896
4153508
6350150
4707603
4851391
7536490
3574089
941502
6045663
7732062
3698894
52637
240785
7004175
5232380
1327158
6472720
1889625
6239088
6230395
5045263
1514625
5160193
3505213
8025480
8071792
3278938
3029029
7066140
3279258
4686622
6821542
2980809
113821
2923907
2674175
6622696
1091917
1083924
1801356
3863074
5788258
2194993
5870952
5646842
1938713
3032126
101150
982583
5857671
6055135
6003248
1349847
294057
5322288
1475464
4596873
4730097
1284111
455318
3846384
1620418
4966405
1435536
1770448
759167
3818530
2338625
3872484
4176805
6079844
7920592
3292922
685712
3446179
8078775
2444710
2517918
7237848
873736
3860299
4832448
4340752
5417709
4054014
4126755
2937514
5881816
6420657
511543
747912
446239
7615962
5469018
857570
3095218
8191232
4615063
7391853
1392505
4522861
5125538
6179437
3083721
1310282
6277783
3733625
2214724
7938355
5732721
3824232
2229188
805902
8079655
4578420
5493136
3473142
669768
3537529
7825875
1032727
3001751
7258784
1363113
593799
7032883
6359234
3360432
7487628
4419649
7778984
3342171
2814084
5982391
1179981
3466397
3360550
7811152
5440582
7265916
7917787
2761417
3892781
8219121
4907881
1664322
4439254
7933499
5846208
6779604
5009251
5456034
290568
810184
3634060
1264770
1419743
6189504
6270674
2931962
682588
8266238
3705591
4357990
4200682
4670186
6893060
4586915
918831
4108589
4550909
4146198
7583099
49388
6276768
3315318
810853
433491
1764435
5952615
1922140
2486054
3977531
3907029
7185133
7203336
3334972
3610039
2411605
3069646
7106673
824470
2897981
894558
5601105
6776857
3514172
1098596
7613655
2329668
4088338
131857
1398588
7960329
1135632
8110200
4144223
4821606
6174872
7199809
100808
771873
7720374
6007580
3552746
5144282
7856042
4228909
2056879
4391070
735521
5346638
1597281
5592549
8385027
7008200
3863255
6495184
5792084
3128952
7382826
1302964
4162640
1569965
907969
5150827
1039947
8345300
4445902
4565974
8155400
1533897
4060928
1283138
7080327
2448897
3365130
3549691
2420446
2019479
8211933
4787690
3208405
1410632
4989370
7613567
4481679
4107087
2130554
1874330
6250064
2456528
8199222
1727658
6466078
1193218
2701491
285989
33817
5329930
8105242
7871687
1309512
2010773
2932635
1471463
2508303
3157749
6477803
6255590
1310084
3940739
6791731
1744217
3187778
8188216
8202219
3191441
713879
7641578
7762590
2669336
772395
7140270
4212623
217701
3084858
4213503
2618656
6259748
3024848
4402615
1597026
3250293
2644666
4271132
1846348
4359773
7188042
7371997
4569155
6566711
1451431
8048190
3133024
1944874
6477784
3195043
8267809
4737678
8211762
6828913
542064
988275
8035340
5285008
8334177
7431862
3347633
4944669
5478308
4199341
7528553
5918479
2246266
7732045
351290
6303536
7953310
4443803
2511582
1296135
3810424
529138
8382598
2292559
1746315
2268002
4704586
5412329
3246583
4713604
2489836
933766
5821017
6157409
4522814
3791925
7785400
5284342
6451281
2620316
7649068
557798
7747503
4989511
8038730
6106715
334198
3752786
2456923
41553
2147851
5698651
8299446
4330540
7274368
6432936
7681745
3490044
5309583
3824853
5771671
557501
4420129
4280338
7783409
800270
5065855
6816912
5318550
6929272
6638421
6374568
4592119
5292819
6810961
6209046
5999101
92034
861110
4191249
8192224
6222742
1447207
7044013
4884400
4616804
6007468
5806035
5409187
4457430
4224645
6331253
2998612
4476904
5173129
7290340
3419275
129974
554363
1876727
5502638
39357
6957004
7288478
1595067
1962237
2046127
7444854
5278144
6772838
2892489
2841825
5221549
323822
4270004
4091498
2344982
6308877
1635043
3661308
7619659
456795
76484
4795716
1998206
2025017
2542807
4693905
3506231
3458849
7084394
5579181
6851540
6694247
1241038
7923945
4196473
2186345
4819404
441635
3890952
5924697
6180115
7320124
841733
7775036
2410579
7208657
3244579
6674293
3516600
5316253
7186147
6485825
1990087
5180180
7325178
7155645
5241481
6164128
108632
6419744
5661222
1965548
6642221
6187343
1862356
7203827
5478115
7114874
4899325
583394
4518870
3632335
7145206
1131080
2677310
1348580
257293
8304178
259904
3676423
2669576
2947773
6356802
7989162
4677976
3327902
7878803
3718867
369107
6389870
7372301
2382990
1462879
2188220
337404
4589448
2408073
585651
2505052
7491502
5272267
1548801
2817749
4739195
2303179
588180
2596568
5107887
339630
5435344
7114063
8061320
7731483
2171034
3502438
2001746
1192140
4461697
7976810
8313004
2284551
7013443
1293773
2633403
5364710
7681651
6377270
4785622
992880
605481
762408
7598396
3238798
1886034
2076912
2617811
1066767
6096104
5631576
1353062
5843117
1163328
6298128
6913782
3659067
1827342
3183988
716560
185952
5091067
7511837
3121897
2024389
1423798
4265610
8176886
1344285
5592799
6664315
6602462
7909279
3520746
383391
6909155
902914
6978822
7077048
3262783
6923284
5345520
2412443
828568
3313767
4077151
1366462
1971444
6107712
8081178
409865
2684403
6783827
7607872
1213109
1456426
3231917
7024725
5567691
2313783
3303682
6050054
1846101
6191146
5214972
7365143
7527064
408355
2996557
944414
112288
7447165
5555737
2632883
5445780
8027740
4501990
2334799
7736724
2618494
4239410
2713155
8251160
6176750
1321050
6293456
1792778
3281003
3968321
931358
2307248
1143784
1920247
6575447
5051326
2473913
8214748
4224346
527434
603091
884176
2947379
6520981
6765412
1844067
2618533
6252622
8062064
6329432
3456194
7667685
901651
5146178
3122401
6120235
8004272
4166315
2560106
5487206
3782190
6156001
7468328
4279383
6438914
7978420
3472418
4397149
6836424
8169080
4416393
3791552
2114386
7384768
962381
5120653
2893689
7463134
8210653
977301
5767326
7642978
4266325
5108920
6385846
4358349
3566568
5513198
3043926
4546502
582687
2530781
1424205
136080
3709955
7253688
318988
6032266
7060598
309822
3374762
4795344
14053
3778556
481784
5585046
1344288
4892050
2428144
900237
1591781
26662
4930191
6485082
2238655
8151880
4700078
3234715
4890663
1953803
3873952
3177162
3966851
7230208
7836560
3352470
2478187
1516720
4323291
4539173
2710535
5398717
4013484
6495199
1429009
3677228
3244850
4059715
3064142
754185
6085749
2927384
7591141
1003662
6429778
5321498
713933
92657
7869954
3612446
5381925
1404513
1617405
7453724
5992880
5213146
1649849
5057308
6716098
6713235
937435
1034415
6169733
7344014
3345955
6213054
1960064
4897503
4963877
6675816
2810708
7673711
132811
2394488
3069152
7939518
7680322
5198623
7451215
6974718
6939521
1714651
154640
4014360
5193313
1100259
2995639
6287714
341787
3424255
7304983
2079474
3772498
4673938
269883
5387375
6757321
5775054
4241400
6809958
503557
6137614
2879949
3892096
7883423
8181039
7099602
2283290
257854
4931734
7748803
6219276
4793199
7702289
4336415
3570972
5009244
7248153
5618169
5238508
6160560
2101860
2168003
292974
540311
7151519
6207234
8102865
3425496
6462421
7209917
1760033
4730038
5715046
3857640
3507946
3367445
7061380
6573736
6994068
6139595
1120834
5609537
1094038
6213412
7833912
5448972
1652840
6036370
4815645
8193012
1216941
7304086
773075
1089986
7964376
2373565
218671
1024560
3200229
174163
7311289
3497374
550763
198782
586068
7624612
1813538
4294023
5749209
1668614
562422
1495557
4769957
2720255
3950334
5026269
6894138
3576872
7118687
982545
2473584
3679610
4974412
450829
7593925
1717960
2086554
1302045
8151479
27118
3292855
5633927
5113628
6067589
323344
369165
1319724
7292623
5023160
5930413
3701528
6156354
6460104
1487335
4621662
8168828
2934508
8148532
710813
4284171
5840722
4586786
1006063
4697499
6444792
510303
1169679
3490582
8053404
1955620
4823293
3423197
8294523
2651305
3000985
6270395
5266219
5472371
1252593
5240953
390551
2536131
1058983
2099708
6896093
456553
4586234
5587452
7646897
7848437
367160
4511298
2410943
7392778
2891295
4913104
4055702
7541321
3375523
5013708
1137318
5618013
5815117
8177559
8104057
4800879
5740498
6400701
3510306
6543117
264114
1271353
87191
2394713
4613180
1393483
6393324
2284572
1160048
1431011
8352352
6551577
5440565
419306
8220628
7014125
3188492
4587413
3565879
2884849
2018227
5428906
4163143
1431100
2823849
134395
4910523
3931230
7823657
413770
8042837
7889419
1751813
2551631
6419619
4128078
5789548
7997150
1378290
8023835
6189066
102816
2003223
736363
8201668
687438
7758733
6688815
5398253
6239993
8200765
2166312
7891103
2556414
7274509
3214413
6215740
1807911
1505121
2918448
384596
6064032
3436247
2558424
72771
8162885
6504089
778470
3420787
8249165
7384058
370934
4896676
5259878
2685863
7896110
4787810
3589065
7567420
4473205
3179069
928647
3010330
2804841
1211320
1411310
1197558
1873498
2302853
29228
7454316
5799571
4247146
8220370
5950446
1327340
32997
6668102
7437198
7473652
5768285
3526621
3534753
6576578
2485790
4647336
7676298
1136500
3687011
1577490
2332090
592769
4173019
4936129
107176
1663261
7638873
4548440
8135623
6393709
6200632
188517
7842060
6095031
2397124
1375058
1317280
2454355
7802115
2275451
4332884
452946
6500393
6654874
1421094
277597
6457545
5789555
3490280
3489735
2342093
7414435
780215
5172228
892643
2546608
5955503
6543215
3427691
3509921
6793287
1909445
3302962
8004853
4119745
4283354
5478295
1774606
7580131
6900717
407652
3394436
600880
3114322
274359
8153576
4665685
2137216
6442542
4107488
6398029
2895632
309754
1595236
101881
5909836
6128248
5173217
6834837
1884226
5310884
8030501
8048337
5992664
1730072
6838825
2211507
6334805
6660431
1223664
6157723
7176043
3158073
4167058
2816396
6426948
1675177
7209355
6331102
8124588
4096389
1589904
6115761
582528
2243062
5270531
6232733
4305558
1877547
1556003
1120172
2399831
4426246
53787
90847
7035151
6552675
6336203
5196428
1571110
7869183
7826845
1572549
5949646
6720367
998890
2712246
4116101
8320422
3303278
4598686
2857091
7052984
956234
7612707
188415
1563447
4192285
7416671
8146986
6357994
1380915
5630783
1385865
6168072
1515158
4140149
1437528
3853289
6479894
4064824
4313680
7890766
7650190
4975071
7488646
3652267
6779781
5954185
5329167
3687020
2644524
2325691
3423985
6630806
8354438
5519120
7134383
5643534
774337
7945253
6824564
7513586
4595821
6417421
7070519
4753135
6715272
6615439
3135495
7345627
3571280
1520300
7240898
4543564
4253311
7901069
272753
355243
5884922
4881125
7575231
5653904
3157229
3786460
4107126
4033335
2768834
5061362
396784
4953200
6120042
3994000
1109680
3847316
2808751
6825438
784416
1591482
7441545
6116692
2901568
4111949
6828856
2792023
4102799
7300853
6912641
4597965
8274758
6366125
1202019
430811
6762174
5934591
2323281
1383576
3280349
5949171
3907505
4996147
1887801
4351542
626763
2730720
8192810
7187067
5301788
2740931
4391328
1931769
4535264
6238106
2370887
6182362
7481110
5024338
5404474
1284670
8034802
6247320
1717553
2182444
1918933
1784184
3048012
4641691
3024708
1296066
1656609
6267507
4350163
2098200
5364291
4726874
8097768
2517586
4089958
8304008
5992786
3245119
516736
7283116
2649566
1289662
2299390
420658
3706402
6337403
1468321
2833260
6503541
6224397
3693483
2937434
7166961
2056357
419521
3847779
6654054
2144961
142188
4262445
4481617
954477
7738388
4042925
8144336
1076536
120058
969519
2341102
6910390
3697567
156108
1629133
7285812
2239433
5698452
5600751
2942830
7652886
3795360
5411912
6589436
4360037
1871123
6080794
7824845
3863522
3369858
5035332
2375088
735438
6797449
5907649
7038603
4294232
643981
4877695
5070692
1572190
360710
7584316
3589180
7091158
6811344
7333864
3185363
50694
4262272
6908736
3325027
4245658
4938861
2166676
5994656
2926194
4047865
7201746
6963840
1122742
4322721
4234998
5033531
672584
4975044
66416
4023514
2115432
3421386
3577090
2023192
3591756
5527435
7384954
2643360
5182127
2025433
4609381
6851865
4721429
95198
6367175
3160645
764928
3008889
4014968
6343920
4287476
8269365
1134827
3476024
5464743
746879
2345819
6080712
4541904
1012417
7098403
7051978
196300
7580744
5221087
6065235
1191217
5083148
3300528
1810017
2622581
227259
3518187
4850000
7946679
6692003
7657201
236576
3789137
7187101
7451460
365599
418593
7404163
1960085
6107972
6325728
7028600
7555004
6172574
6589330
1654938
6425981
6477351
930487
7325741
4801367
3975585
2015852
1743180
4913385
6098355
6116240
696720
6410313
2906236
1991365
7589051
4498697
5182048
4090844
3429129
4779737
4630269
8146841
2873280
2325985
2671582
4993372
5515065
3440350
7297487
4002849
5168802
2004987
3061170
551358
1117198
5530526
6390100
6187546
5671821
1293950
8353652
4575760
3384421
2882388
5845124
3017287
3240756
4325143
3125147
6166771
7620187
7343702
1079583
1058619
4238587
864556
5373273
7369529
3742010
448156
2618238
6951183
4756374
326034
467188
683233
5477256
6315664
4816553
4248645
6037889
6986494
8109554
1078015
576450
7672916
2452014
733845
3459175
2848949
5492723
6239404
7520415
4721317
5761528
799566
4116539
2723949
3660099
1839363
7580782
261605
5656408
4345734
3437239
953239
2556227
4313249
1997014
2749815
8347885
6279818
3598439
1534484
4054292
8095405
4080184
4501048
7599978
7510289
6268996
6108677
4090037
7847634
420099
2411571
2764954
4890478
4608534
6846520
3028460
6008866
3963355
908129
7713686
5947218
7993144
7411573
4341357
715154
1532633
7538732
6478296
632864
7395514
5804160
6060018
2484013
645729
8293096
7085889
6072556
3316240
5135780
3720414
6683729
3996429
7813418
764097
572781
5528094
8267191
536204
1204240
5741800
1716231
3146399
6754782
8169804
4509079
5069454
3908458
2791880
3723598
3316771
3148304
4251050
6551645
8128441
90868
8152958
7466977
1603026
4530640
7342767
3211611
3586291
2897745
96498
549571
4544202
1237380
2977288
8264641
3228150
2340404
1457126
710250
6492441
428541
5551246
3470660
7064976
4134341
4155423
1002213
7539552
2993054
2007971
5269452
259397
4094797
6900113
18233
239507
7942655
5411289
247907
4322878
3158639
2737684
2353381
978070
6719446
1814306
2597792
2392997
3828066
8011515
1517599
775497
5684406
6645018
3218928
5176837
2412454
1533736
3754844
4000596
7498471
5626852
8360482
3515869
6955439
3370504
4078727
1389357
4665775
4147222
6035565
7668935
6139439
2658831
1969602
6779691
3360572
4857290
3516215
272228
7963310
5251548
777790
256607
6050766
986236
4377346
2060841
3984889
2420328
638652
7752390
2305414
2358405
5462034
3060152
1651352
5549640
2883729
1066928
6242486
2292463
5932670
7271957
3430156
7810465
4009195
5809007
1406084
1052587
1182087
7244559
1320250
1885025
5381605
4853900
8362622
5418233
7197509
3191224
4871560
1614113
7838021
5175719
4366800
5658145
7035550
8340893
7750947
5150694
7590865
842260
3222956
4372226
705943
6887307
3537782
613654
7325952
2655362
1012421
1998192
2025570
3633587
3756155
6972057
6774894
2222333
6952976
7161861
6298861
1457045
7831984
7210973
8109200
5179985
711446
5681892
6117032
883646
1615282
6898954
7792214
4316918
2370754
3247838
608014
4535967
2684207
8095538
4470719
6489827
571908
8346781
2811175
2128217
734639
6283564
2115403
188701
736296
349639
5750528
7450554
641690
1631411
626138
1520702
2626053
1619974
1659377
1580124
361320
4359577
616505
8265481
363830
3170480
6330975
7833779
6445391
6577856
3162520
2514736
3752312
2682582
79861
688484
5725853
7540053
2051110
3406840
7682413
2059786
3752732
7018112
5484342
7818585
6651258
5846246
2412704
6214145
4811041
2532422
7023921
2761680
4925390
5888158
2606185
2355201
7503924
1224691
4902880
3454201
1364073
589730
5820305
1115343
1385664
3432630
8302124
5846240
3503153
6132712
570666
6510912
1627051
2759548
1125519
3293175
5678075
3948534
496352
4309731
8136728
5076479
167245
6263039
5328428
5720005
7130305
7101423
5955386
4274570
3153544
4593678
6618469
8374450
859664
4066533
6618564
6521369
108783
4380637
1845235
1949245
6776762
1381534
196824
2258717
2065802
3202360
6838260
1654156
692819
6795996
8262929
3134436
5631337
8175446
1601049
3731843
1293925
7697822
3257041
2552391
2199158
6160913
7516102
6631
8359507
8022956
6775982
2824980
5089030
7076649
5769112
8028597
380823
4852007
1230327
3465810
1419915
3478479
6130984
7135416
5848174
8091084
3755051
8226325
7752194
6485084
5815929
8235656
4653606
1096172
7413626
4478197
1233198
3465304
567037
679797
6497973
5135638
4088658
364760
7797126
7589213
3314515
6509248
3851864
5525772
3797381
5391960
7857884
5906713
6734440
2255443
1809481
3659444
4339519
3296340
3735514
4061232
896239
3880942
887164
276852
4668182
7516595
2106235
5252626
124386
3106260
2893591
8070261
5979841
881849
2108423
7387197
4395956
4952504
639035
4667879
4327661
4180503
3528805
3789481
8221388
4621114
1358177
3621924
141918
156982
7442407
7400674
2147492
6060712
5266957
5437009
342537
1215172
6430232
4827434
6721860
6369283
4541738
7047043
2633674
4489926
7128719
1515457
7950050
5019399
693061
286427
4937612
6867000
518423
6077750
1785297
2711135
2002820
4295587
7096771
8308945
6044866
1322364
3956076
1947835
2379759
6193854
6098893
5077418
6487312
7133648
594100
6352313
7021276
6727271
7718872
335225
6494118
7492645
681699
6813972
1667680
5308323
3380340
5201820
307760
3566018
2829143
6789590
5676728
2737055
6521464
2024770
4070034
137718
7532686
1976923
6755180
1676070
8123062
4355262
7169637
8212220
5165730
8091642
2211838
3228989
4348911
167056
2667047
185333
2891479
4303255
561115
3431130
7220033
3904489
3736428
5978173
4948655
4076456
187291
6810407
7849440
4225645
3921052
50422
4705800
5626095
7070975
1149430
2580498
6095067
2804614
4262920
2517030
494876
2622014
6097560
3091815
6969054
1854338
6936405
8303060
2940152
5831501
4280306
4778231
4244019
2753689
6996949
5768798
7637629
4716672
7695541
2366623
5812176
1100697
3440917
3250775
5466288
1624553
6537988
5270082
7874372
1458484
1823172
7722324
1146311
4965452
758893
1261004
7389968
6041454
8374393
2216098
7199543
8012957
2296967
1234059
5051109
6060328
5050383
3676172
7070768
7861589
5544428
8241181
2010979
6015775
473888
7019539
6487908
6381079
2046674
3236316
1776769
1364037
3761032
3910330
3522539
7911364
965738
592033
4786246
4219574
6836624
2084567
2045725
5829934
4215481
4400929
7062725
6763188
1808630
3962934
4026820
7116243
8130175
5323207
4585970
131497
2721692
7491122
2631014
7103248
4478289
7713606
2018696
6536911
2133273
3353233
7894473
5176969
3941181
6766219
4089987
5411815
229864
692149
5426605
7215872
244242
8235698
7021422
4979373
7938296
8284820
7699976
4537348
4440637
5360791
6853403
6217418
3027147
7301240
5566907
995175
2414000
5772209
3830170
3376264
5766952
187050
5402848
7511607
7118967
7231835
4990133
5074174
1993760
2065482
7913867
2423941
2338536
4984419
8145124
5517356
3347288
742580
8207752
5200507
332994
2552628
4958071
1955724
7209479
5330651
6465051
7528625
2071402
2771424
5351062
7047903
2726196
2437975
310070
6270027
5619974
2496507
506750
8319181
6637067
4590842
3022065
3461508
1038859
385282
3642281
7286260
5660501
3272268
4184845
5180800
349977
7324120
8370888
3428017
1954215
7990780
6504759
2974734
6220274
2819659
4001379
4255284
841700
2652067
6325953
2428054
476496
14704
2235900
1617768
6494699
2086551
7701272
8157730
3154184
6716598
1957016
4358755
3215344
3291979
7518214
4178517
109544
1726952
3527551
5076885
6005311
3315532
2312795
6514327
4190763
7344828
4713422
2997436
1948554
4193610
1421409
427247
180002
3278889
1413657
7945305
5668588
2250320
2856138
6400906
4776454
1191204
6320448
6364553
1247250
4746634
2165520
3410396
3578625
7897895
6007343
4624108
1184052
5289086
2726944
148369
7318510
5966827
3748433
3435937
2131946
1351126
7864071
4218012
7643272
8147956
351554
1408049
5414055
2150389
3090642
3893285
7613258
6186826
4881642
2572714
2980834
5364201
4658487
3804032
8029387
1414902
4256723
59701
803926
7853564
6540220
3242123
1205129
3568940
556382
1184542
1670185
6013224
1541234
3185024
5377652
7353252
5555770
5336877
7713203
344410
5715589
6674090
4834938
4688220
5178348
3237795
5194743
5471176
8171136
7932643
1124051
676009
3563734
5101569
1352732
675240
4908551
4542820
7031515
5164060
5973791
5529566
7081903
492988
2297803
5794399
490481
644706
4571439
6438885
2831346
6161525
905009
5018872
1737641
5973698
7948775
2990068
4129966
8066911
883929
7308923
4729461
2458544
947057
2566697
4001119
3986266
1325790
2814158
6126244
4817688
4194635
4964048
4837000
3349193
4584153
4563067
875230
6542044
8284971
1679685
1536791
5308501
5031837
8310151
7670796
67429
1578534
4028096
4239212
1067805
5513289
3588603
8262636
4391420
3048480
464499
3531956
6007668
4660280
53581
6269940
1615554
5553833
3190638
1085101
5601724
6705442
5314145
6880841
5506409
7247106
7964702
5236702
7710210
4988547
4795226
4749596
5501949
8094920
7169619
3133349
794451
3322343
6307668
6062318
7781693
7833596
4484531
7670327
7980118
5038493
5316249
5854399
328784
2115031
5340199
7301001
4144942
2117958
1188286
4395292
552913
2161207
4494375
7822791
2438017
4605260
4381820
3812066
1428361
3497488
280076
7903355
1219393
4080515
3111173
2094885
7316699
5516305
4267360
1980575
2090878
778518
4259365
5532760
5370640
6115679
273453
5311696
868616
3500074
1186821
689926
2893894
4983598
6937643
4869857
7664463
1995607
341659
7880822
3692532
581453
7588819
7620718
7766235
7054373
8213990
2072143
6942573
3634590
5215534
5871324
8352421
1046932
2448086
2001413
2310634
3100000
3494625
7149459
7583609
8133824
2988163
7464611
1790613
7267556
6941097
405257
7972655
82258
2375102
3375429
2643065
7335216
5418975
2501584
3024269
4014751
1112055
3787814
5814430
8197768
545975
8146580
152150
398597
5469441
1645687
6927191
5933931
4989885
3539543
5133429
4286007
2511967
1540512
3592712
8147307
3291017
3492627
4905652
1098015
4173943
7381720
5862956
4715509
782796
7933960
2354789
6934061
7943052
249971
2820271
882429
1427818
1862010
2564368
240194
112720
3092017
6389203
3505057
5636654
2722285
6947090
1982073
828876
134765
7721879
4749607
7778046
2940534
3091298
335549
2129308
2671250
5088400
1790995
4861865
5559813
5049896
4746849
8396462
2196029
5863890
7627412
3569570
6993736
2073126
2261544
394119
3516451
7927905
3233513
522052
5934441
1459365
5493826
2181264
5493784
724538
6329522
3852585
1571155
5570437
293731
702424
8093271
2327559
7469850
1776407
2994975
3240714
3366678
4662549
7801291
5410286
4320570
5903954
4432574
4382670
8192459
4292243
8349277
4140872
2922135
5526526
6255012
7425652
6096405
5950985
6640813
613328
7615373
1808614
2301139
2284941
2855210
291818
6770052
706528
7451808
3958576
4460410
2777384
7296033
4852118
3862602
830489
5264736
8225424
5774065
6019898
5342676
5891779
2522605
6250062
3958948
4084854
807280
7549633
3894194
6623780
3931836
2160950
6976849
3483335
1340901
6317746
7322207
578549
4608946
8400232
2537845
61579
7485682
4542673
6310203
8158101
8270246
5593063
4851928
7455874
374632
2475921
3476019
2950541
149906
4975442
367286
2285132
4305385
4096795
4523839
4237487
1613037
4173274
3122657
572286
2577712
5312846
7917961
8140334
5240503
4929234
4914107
2528266
5843298
2146695
154445
6524246
6112857
2702908
1157927
1294900
8026087
1999145
54658
5981271
3206981
6886582
583124
6693079
1471969
4153975
6270646
3171338
4782621
5151064
4144790
5014581
4117955
4771797
3984891
275809
1058701
2669142
4675222
5826916
6573818
6191682
6024770
76113
2466125
2127971
238620
4118893
1065133
1358563
4505635
541191
5243046
7103689
282059
1168289
2771692
3045836
1171763
4422404
1043651
1390215
7524506
1556197
7837882
4700419
4460857
1139128
5955976
3830732
454117
1054791
166396
5559908
3441461
7525719
8344630
4480446
1741681
2758999
6444264
2702029
1210473
123870
7862707
1372996
940040
4416133
5193898
8139033
6020690
594432
131319
670001
3386591
2873765
790531
6598517
6963909
5826516
1597273
2844395
264234
1319225
3751832
7640217
4075313
5398739
3897341
138000
342250
8072322
1390226
2428498
1697340
4793616
2369556
2900917
6265922
6662700
7313619
6919056
1715331
2277346
3064873
3894765
6230197
239576
4255073
4103621
6212602
2551159
3305758
3107641
7271866
2051403
5228071
4899365
4274937
1636171
4764748
1677428
6764343
5347137
2672498
4847935
5032982
3972449
1865707
4982840
1120891
5014467
2790485
3336149
4563444
6405195
7336351
1189334
8210979
4094514
8025525
5585738
6570450
7942113
5645388
4484741
5315183
4815431
2476065
185580
2527451
7475819
6306552
466636
568782
3729781
6102549
4380616
3013352
2263303
269994
1069035
7602101
3055205
7262439
3089206
1392524
3948484
3060982
4420291
8240421
1217972
7061957
3501011
445349
6003616
3494830
2590685
1547047
2761398
1798578
4770610
7900475
6989885
3741093
6637509
3669446
1102046
2693468
5120704
1157346
5511000
5135336
3865268
1266840
2139222
7804672
498658
314259
7990710
6537674
965866
2630294
2139016
553222
5221678
7814689
7685176
3548358
4838516
7495336
4096342
7033376
6356539
7672934
1143949
5054868
5075446
955038
609125
1570704
52425
4932328
359849
4023187
1592801
6633551
7321951
5697589
1773560
7279252
4689935
7015542
6325204
7119062
76980
1855962
8105979
4236056
1781671
6976559
4503361
4328169
6420808
4996165
4659362
1661387
6691355
6644436
1671803
5624307
2127623
4725585
3423169
2770408
7871756
3446781
7187548
999552
6407767
8229191
2777088
4681542
1921938
6231950
1888422
6894073
6557768
5950533
5992044
3708030
6872969
5109475
4246829
3166104
5198773
1012577
7535657
7948156
90489
1272192
2324119
4123270
1853290
7208377
7545979
2833840
6865390
2928102
4471124
5640702
5161052
488556
2597866
2348320
25698
3928106
4802126
6188423
2876033
4874801
2011223
8175873
5716652
1176866
3668792
3930941
3335797
5047000
7310426
8178683
1199774
2229118
6567896
1759634
4911455
43310
8285737
4783907
3741636
5803399
1615647
8191253
110824
6266651
6109489
3633123
3715353
5951530
456786
1118561
627917
3953335
962684
1597096
602177
8241710
4443435
1577139
7174846
7438107
233038
7201214
1376665
6324535
6876143
2940589
2263878
3535660
295951
4968983
6688774
6037736
725445
4783882
7805615
382446
5405745
480370
248506
2132044
4443943
2418140
4272834
2676718
3468873
2887304
6334139
8126919
1211839
7112384
3234059
864836
4556388
1553749
7640934
6590348
5283079
6532545
3803738
889527
7055396
1943092
6462024
7278383
5873189
1316803
8250908
4909771
2075564
8197897
6973398
7549063
5490862
7284710
3140800
3937587
4259266
1235962
3533610
3435303
805617
1657964
7086250
2267533
3045147
4913697
6939660
3061602
1716430
3924393
4995518
404904
6541640
6707011
2615003
2503708
1024553
16375
6781696
2383613
7222129
3840873
1623715
3555915
2268985
7728828
3491361
2422254
2905035
6827290
1050417
3838300
7128694
3255652
8240206
99518
7425002
2746936
1262537
5962407
4214646
4355295
5133299
5780485
6220091
29347
1497112
2003056
8100194
2959019
85452
3512607
5274485
238777
2503694
607875
1117980
7678702
3958103
4442976
1751950
1404503
6389837
568255
1840666
6096624
4469894
7537586
7568563
2740801
4423658
6723774
4045339
6612985
3124065
761311
